0.039801,-1.351982,-1.351980,-0.562062,1.626158,-0.000012
0.039825,-1.351970,-1.352028,-0.562085,1.626181,-0.000036
0.039298,-1.351970,-1.351991,-0.559208,1.625582,-0.000024
0.032369,-1.351490,-1.351439,-0.530584,1.619707,0.000000
0.018762,-1.350567,-1.350562,-0.486638,1.610200,0.000024
0.014650,-1.350279,-1.350322,-0.475610,1.608006,0.000000
0.006689,-1.349883,-1.349866,-0.456213,1.603330,0.000000
-0.000252,-1.349536,-1.349505,-0.442044,1.599733,0.000024
-0.009986,-1.349056,-1.349037,-0.424037,1.596939,-0.000012
-0.021387,-1.348576,-1.348568,-0.406990,1.595909,0.000024
-0.028209,-1.348349,-1.348316,-0.397723,1.597167,-0.000012
-0.031554,-1.348169,-1.348172,-0.393574,1.598930,0.000036
-0.033652,-1.348109,-1.348136,-0.391860,1.602443,0.000036
-0.033592,-1.348181,-1.348111,-0.393131,1.613137,0.000012
-0.030295,-1.348289,-1.348280,-0.396260,1.621830,0.000012
-0.025224,-1.348409,-1.348436,-0.400719,1.630234,-0.000012
-0.017491,-1.348648,-1.348640,-0.407002,1.639286,0.000036
-0.012780,-1.348780,-1.348785,-0.410862,1.643686,0.000000
-0.005550,-1.348924,-1.348941,-0.416569,1.649129,0.000024
0.005227,-1.349152,-1.349181,-0.425763,1.653530,-0.000012
0.009735,-1.349344,-1.349313,-0.429851,1.654201,0.000012
0.012864,-1.349392,-1.349373,-0.433604,1.652906,0.000000
0.014146,-1.349500,-1.349541,-0.436553,1.648973,0.000024
0.013727,-1.349584,-1.349577,-0.437488,1.645892,0.000000
0.009842,-1.349596,-1.349541,-0.435594,1.638027,0.000012
0.007193,-1.349476,-1.349493,-0.432777,1.634071,0.000000
0.003740,-1.349248,-1.349265,-0.427070,1.629994,0.000000
0.000228,-1.349068,-1.349013,-0.417648,1.626601,0.000000
-0.002745,-1.348553,-1.348544,-0.402230,1.624563,-0.000012
-0.004160,-1.347737,-1.347655,-0.377449,1.625174,-0.000012
-0.003992,-1.347269,-1.347271,-0.366023,1.626374,-0.000024
-0.001247,-1.346562,-1.346598,-0.348136,1.630366,0.000012
0.003381,-1.345926,-1.345866,-0.330692,1.635881,0.000000
0.008884,-1.345146,-1.345133,-0.313043,1.641420,-0.000012
0.026794,-1.343612,-1.343704,-0.280778,1.657042,0.000000
0.043302,-1.342772,-1.342767,-0.263320,1.670602,-0.000012
0.067004,-1.341849,-1.341806,-0.244243,1.687830,-0.000024
0.101027,-1.340901,-1.340881,-0.226066,1.708607,-0.000036
0.117859,-1.340517,-1.340496,-0.220322,1.717599,-0.000012
0.152974,-1.340134,-1.340088,-0.212648,1.735870,-0.000024
0.165358,-1.340014,-1.340040,-0.212060,1.741253,-0.000024
0.176928,-1.340074,-1.340004,-0.212432,1.746529,0.000000
0.188413,-1.340170,-1.340088,-0.214974,1.750796,-0.000012
0.213133,-1.340589,-1.340593,-0.224411,1.757546,-0.000024
0.239233,-1.341225,-1.341265,-0.237733,1.760962,-0.000048
0.249195,-1.341501,-1.341505,-0.244556,1.761634,-0.000060
0.260477,-1.341933,-1.341974,-0.253703,1.761754,-0.000024
0.287451,-1.343168,-1.343187,-0.281905,1.753745,-0.000012
0.295759,-1.343672,-1.343595,-0.291737,1.749801,-0.000024
0.311345,-1.344559,-1.344569,-0.314745,1.741793,-0.000036
0.317519,-1.345087,-1.345025,-0.325716,1.736494,-0.000012
0.327062,-1.345782,-1.345890,-0.348016,1.725800,0.000012
0.331822,-1.346322,-1.346334,-0.360964,1.719649,0.000012
0.337253,-1.346897,-1.346911,-0.378468,1.711701,0.000012
0.343439,-1.347737,-1.347679,-0.401931,1.702121,-0.000012
0.346568,-1.348084,-1.348016,-0.413679,1.697590,0.000000
0.349757,-1.348313,-1.348340,-0.424949,1.695348,-0.000012
0.353341,-1.348708,-1.348688,-0.437560,1.692086,0.000000
0.366649,-1.349524,-1.349481,-0.469580,1.688586,-0.000012
0.389632,-1.350292,-1.350238,-0.505891,1.695108,0.000012
0.414784,-1.350783,-1.350718,-0.537045,1.703572,0.000036
0.437562,-1.351071,-1.351067,-0.559509,1.711940,0.000012
0.451169,-1.351262,-1.351283,-0.569253,1.717467,-0.000024
0.476153,-1.351394,-1.351391,-0.582942,1.728269,-0.000024
0.503739,-1.351706,-1.351643,-0.592004,1.738532,-0.000024
0.515464,-1.351670,-1.351667,-0.594593,1.741997,0.000012
0.527429,-1.351742,-1.351667,-0.595504,1.746157,0.000012
0.558983,-1.351742,-1.351691,-0.592076,1.750581,0.000024
0.574424,-1.351706,-1.351799,-0.587797,1.750964,0.000024
0.595524,-1.351634,-1.351667,-0.576493,1.749957,0.000036
0.607693,-1.351622,-1.351571,-0.565825,1.746097,0.000072
0.623781,-1.351311,-1.351283,-0.542930,1.735163,0.000036
0.627773,-1.351106,-1.351079,-0.534408,1.730367,0.000060
0.634799,-1.350675,-1.350683,-0.509031,1.715837,-0.000012
0.636213,-1.350183,-1.350142,-0.487813,1.701774,0.000048
0.634151,-1.349488,-1.349541,-0.459498,1.683778,0.000036
0.632209,-1.349068,-1.349133,-0.446827,1.676213,0.000012
0.629620,-1.348840,-1.348785,-0.433268,1.668276,0.000012
0.625016,-1.348253,-1.348244,-0.415526,1.658841,0.000036
0.617607,-1.347413,-1.347475,-0.390637,1.647235,0.000012
0.613483,-1.347005,-1.346995,-0.377917,1.641600,0.000000
0.602849,-1.345710,-1.345686,-0.346385,1.630582,-0.000012
0.599864,-1.345327,-1.345301,-0.337010,1.628543,-0.000144
0.594230,-1.344343,-1.344364,-0.315752,1.626937,-0.000096
0.592036,-1.343312,-1.343343,-0.295022,1.630798,0.000072
0.594038,-1.342652,-1.342646,-0.281581,1.637572,0.000072
0.599157,-1.342017,-1.342058,-0.270154,1.645724,-0.000072
0.606853,-1.341561,-1.341530,-0.261462,1.654560,-0.000024
0.617763,-1.341033,-1.340989,-0.252013,1.664679,-0.000060
0.630435,-1.340278,-1.340329,-0.241522,1.673647,-0.000024
0.639139,-1.339990,-1.340004,-0.233655,1.678323,-0.000024
0.645277,-1.339558,-1.339487,-0.226521,1.680733,0.000000
0.654951,-1.338755,-1.338743,-0.212229,1.682112,-0.000060
0.659639,-1.338203,-1.338154,-0.203175,1.681152,-0.000060
0.666316,-1.336728,-1.336641,-0.179049,1.674379,-0.000036
0.667971,-1.335625,-1.335620,-0.164456,1.669091,0.000000
0.667599,-1.334222,-1.334203,-0.143015,1.660615,0.000012
0.666604,-1.333622,-1.333650,-0.135484,1.657342,-0.000012
0.662432,-1.332231,-1.332233,-0.116513,1.649033,0.000120
0.656666,-1.330780,-1.330827,-0.098693,1.641204,0.000048
0.650875,-1.329545,-1.329554,-0.084159,1.635210,-0.000084
0.642951,-1.328178,-1.328124,-0.067633,1.628819,-0.000048
0.637604,-1.327302,-1.327284,-0.057931,1.625222,-0.000072
0.631082,-1.326331,-1.326323,-0.047390,1.621578,-0.000012
0.621371,-1.325072,-1.325062,-0.034139,1.617441,0.000168
0.617955,-1.324640,-1.324653,-0.030325,1.616662,0.000048
0.613699,-1.324268,-1.324305,-0.027170,1.615403,-0.000012
0.608004,-1.324160,-1.324161,-0.026931,1.615307,-0.000012
0.605151,-1.324148,-1.324125,-0.029065,1.616051,0.000000
0.603377,-1.324616,-1.324677,-0.034427,1.618125,-0.000024
0.603017,-1.325204,-1.325241,-0.041705,1.621014,-0.000024
0.604396,-1.325983,-1.325987,-0.051215,1.625282,-0.000024
0.606961,-1.326811,-1.326815,-0.061133,1.629431,-0.000024
0.608975,-1.327302,-1.327308,-0.067406,1.632093,-0.000012
0.616744,-1.329089,-1.329121,-0.090323,1.639850,-0.000024
0.621203,-1.330073,-1.330118,-0.102339,1.643446,-0.000024
0.624057,-1.330720,-1.330683,-0.110110,1.645628,0.000000
0.627306,-1.331548,-1.331512,-0.121874,1.647331,-0.000012
0.631538,-1.333083,-1.333170,-0.143003,1.648194,-0.000048
0.633600,-1.334426,-1.334407,-0.160439,1.647127,-0.000036
0.634091,-1.335025,-1.334959,-0.167801,1.645916,-0.000024
0.631262,-1.336224,-1.336245,-0.184241,1.639178,0.000012
0.625771,-1.337100,-1.337181,-0.194482,1.631421,-0.000048
0.617847,-1.337724,-1.337757,-0.200238,1.623016,-0.000024
0.602753,-1.338215,-1.338202,-0.201688,1.611015,-0.000036
0.589362,-1.338263,-1.338250,-0.198271,1.602443,0.000012
0.579387,-1.338227,-1.338178,-0.192683,1.597503,0.000036
0.566284,-1.337520,-1.337469,-0.180164,1.593187,0.000036
0.552881,-1.336512,-1.336485,-0.163040,1.591628,0.000036
0.540197,-1.335193,-1.335163,-0.141252,1.592587,0.000024
0.537440,-1.334785,-1.334803,-0.136648,1.593499,0.000036
0.530666,-1.333886,-1.333902,-0.122869,1.594757,0.000024
0.523077,-1.332938,-1.333038,-0.110614,1.595753,0.000012
0.517311,-1.332507,-1.332509,-0.103850,1.595825,0.000012
0.506808,-1.331967,-1.331981,-0.097734,1.593535,0.000000
0.499220,-1.331871,-1.331848,-0.096247,1.591796,0.000024
0.489725,-1.331883,-1.331800,-0.097626,1.589038,0.000012
0.480349,-1.332063,-1.332064,-0.102111,1.586244,0.000024
0.471705,-1.332519,-1.332557,-0.108095,1.583703,0.000000
0.461575,-1.333226,-1.333229,-0.117880,1.581221,0.000000
0.450774,-1.334054,-1.334046,-0.130663,1.579854,-0.000036
0.440547,-1.335061,-1.335067,-0.146145,1.579519,-0.000024
0.431772,-1.336045,-1.336053,-0.161554,1.580610,0.000024
0.425706,-1.336860,-1.336833,-0.174372,1.582013,0.000000
0.417026,-1.338203,-1.338190,-0.196256,1.584998,0.000012
0.406332,-1.339858,-1.339896,-0.224303,1.589770,0.000000
0.402076,-1.340554,-1.340520,-0.235263,1.591113,0.000000
0.395818,-1.341249,-1.341217,-0.247997,1.591844,-0.000024
0.386167,-1.341993,-1.342010,-0.259352,1.591868,0.000024
0.375185,-1.342472,-1.342467,-0.265646,1.590549,-0.000036
0.368471,-1.342604,-1.342658,-0.267145,1.589422,-0.000012
0.361194,-1.342664,-1.342658,-0.265311,1.587827,-0.000024
0.352095,-1.342460,-1.342467,-0.258980,1.585801,-0.000012
0.338979,-1.341885,-1.341830,-0.245994,1.583895,0.000012
0.328237,-1.341081,-1.341109,-0.231893,1.582756,-0.000024
0.323346,-1.340721,-1.340713,-0.224291,1.582660,-0.000024
0.316464,-1.339882,-1.339860,-0.209075,1.583212,0.000012
0.310434,-1.338923,-1.338887,-0.192491,1.585237,-0.000012
0.307281,-1.338251,-1.338202,-0.181759,1.586952,0.000000
0.301718,-1.336788,-1.336737,-0.158340,1.590693,0.000000
0.298661,-1.335877,-1.335884,-0.145785,1.592671,-0.000024
0.294872,-1.334953,-1.334923,-0.133014,1.593690,-0.000024
0.289501,-1.334054,-1.334131,-0.121418,1.592779,-0.000024
0.281685,-1.333190,-1.333253,-0.110194,1.590189,0.000012
0.267706,-1.332291,-1.332389,-0.099221,1.583535,0.000000
0.248944,-1.331739,-1.331764,-0.091414,1.574387,-0.000024
0.233503,-1.331464,-1.331488,-0.088332,1.566858,0.000012
0.197140,-1.331392,-1.331392,-0.088775,1.552266,0.000024
0.176736,-1.331440,-1.331428,-0.091462,1.546859,-0.000012
0.145565,-1.332267,-1.332305,-0.103214,1.539952,-0.000036
0.130424,-1.332903,-1.332953,-0.112089,1.538430,0.000012
0.118531,-1.333430,-1.333458,-0.121406,1.538454,0.000024
0.099589,-1.334929,-1.334935,-0.144406,1.544089,-0.000012
0.094278,-1.335517,-1.335548,-0.153436,1.547362,0.000048
0.085730,-1.336956,-1.336989,-0.177982,1.557074,0.000024
0.080527,-1.338527,-1.338550,-0.203919,1.569591,0.000036
0.079196,-1.339246,-1.339271,-0.216845,1.575718,0.000024
0.078705,-1.339822,-1.339884,-0.226929,1.580550,0.000048
0.077853,-1.340661,-1.340629,-0.241953,1.586616,0.000024
0.075767,-1.341933,-1.341902,-0.266438,1.593966,0.000024
0.072207,-1.343504,-1.343476,-0.297036,1.600248,0.000060
0.071116,-1.343911,-1.343932,-0.305849,1.602227,-0.000012
0.069377,-1.344439,-1.344448,-0.317179,1.602970,0.000012
0.065374,-1.345255,-1.345253,-0.336039,1.603330,0.000012
0.060278,-1.346214,-1.346118,-0.357547,1.603282,0.000036
0.057868,-1.346597,-1.346587,-0.368230,1.603474,0.000012
0.055842,-1.347017,-1.347007,-0.378948,1.604073,-0.000012
0.054224,-1.347401,-1.347439,-0.390242,1.605416,-0.000012
0.052965,-1.348000,-1.348004,-0.406882,1.608545,-0.000012
0.053541,-1.348768,-1.348797,-0.429792,1.615223,-0.000024
0.055231,-1.349152,-1.349157,-0.440581,1.619468,0.000036
0.060350,-1.349644,-1.349602,-0.457136,1.627488,-0.000036
0.066716,-1.349991,-1.349974,-0.469364,1.634694,0.000024
0.074652,-1.350255,-1.350298,-0.479842,1.642151,-0.000012
0.086162,-1.350591,-1.350574,-0.489947,1.651419,-0.000024
0.100548,-1.350843,-1.350838,-0.499130,1.659980,0.000012
0.108017,-1.350927,-1.350923,-0.502306,1.663840,-0.000012
0.118531,-1.351023,-1.351019,-0.504835,1.668851,0.000012
0.136682,-1.351095,-1.351091,-0.505663,1.674403,-0.000036
0.151608,-1.351083,-1.351103,-0.504668,1.678227,0.000000
0.157914,-1.351106,-1.351103,-0.503205,1.679150,0.000000
0.169303,-1.351083,-1.351055,-0.498890,1.680433,0.000012
0.182910,-1.350915,-1.350899,-0.491373,1.679989,-0.000012
0.193700,-1.350723,-1.350718,-0.483989,1.679054,-0.000012
0.208134,-1.350543,-1.350502,-0.472098,1.676129,0.000000
0.215399,-1.350411,-1.350382,-0.464785,1.674523,0.000000
0.221406,-1.350243,-1.350250,-0.457724,1.672904,-0.000012
0.226165,-1.350015,-1.350058,-0.451335,1.671237,-0.000036
0.233586,-1.349823,-1.349830,-0.440006,1.667785,0.000000
0.239880,-1.349536,-1.349493,-0.428761,1.664344,-0.000060
0.242866,-1.349320,-1.349325,-0.422707,1.662150,-0.000024
0.246462,-1.349104,-1.349133,-0.414111,1.659416,0.000024
0.249555,-1.348840,-1.348857,-0.404376,1.655220,-0.000012
0.250922,-1.348625,-1.348604,-0.397195,1.651695,-0.000012
0.251126,-1.348229,-1.348208,-0.385170,1.643782,-0.000036
0.249675,-1.348025,-1.348028,-0.379380,1.639130,0.000000
0.247661,-1.347869,-1.347872,-0.373385,1.634574,0.000048
0.246294,-1.347653,-1.347607,-0.367462,1.632093,0.000000
0.246402,-1.347461,-1.347463,-0.362703,1.631781,0.000012
0.252444,-1.347197,-1.347163,-0.354946,1.636948,0.000012
0.257959,-1.347017,-1.346995,-0.350702,1.641504,0.000024
0.265919,-1.346814,-1.346863,-0.347321,1.647955,0.000036
0.272058,-1.346742,-1.346767,-0.345294,1.652654,0.000048
0.282932,-1.346633,-1.346647,-0.343269,1.660915,0.000060
0.297786,-1.346622,-1.346587,-0.341494,1.671309,0.000024
0.306873,-1.346562,-1.346550,-0.340031,1.676752,0.000048
0.322219,-1.346574,-1.346538,-0.339527,1.685516,0.000024
0.354061,-1.346502,-1.346526,-0.338377,1.698357,0.000000
0.380808,-1.346514,-1.346466,-0.338173,1.706498,0.000000
0.406272,-1.346490,-1.346466,-0.338544,1.712168,-0.000036
0.416906,-1.346442,-1.346442,-0.339084,1.712803,0.000024
0.426665,-1.346466,-1.346514,-0.339815,1.713079,0.000036
